#
#
#  Percent Identity  Matrix - created by Clustal2.1 
#
#

     1: 2522272474-2522125078  100.00   37.24   37.24   38.12   47.06   40.36   42.74   35.14   42.93   41.76   39.01   53.02   54.55   54.55   54.72   52.69   39.27   36.39   38.76   46.13   43.91   41.47   39.93   40.00   47.24   47.24   47.24   47.67   46.27   46.27   46.27   47.86   45.34   45.31   45.31   45.31   45.31   47.54   47.95   45.93   44.94   47.54   46.12   46.53   47.95   48.57   47.76   40.87   41.50   39.47   45.18   47.84   48.35   52.69   39.91   45.05   50.00   50.00   44.28   48.11   47.46   46.72   49.24   47.58   40.90   50.97   51.78   51.78   46.88   47.27   47.43   47.62   50.41   50.41   50.00   43.90   50.83   46.11   41.91   38.63   46.30   48.39   40.93   40.93   47.88   45.75   46.08   41.05   43.72   52.04   52.04   48.89   48.70   43.62   38.39   38.39   40.07   40.07   41.80   42.62   42.62   43.44   43.03   43.03   43.44   39.77   38.93   41.04   41.35   43.68   43.35   41.44   42.86   43.30   43.30   43.89   42.37   42.91   42.91   42.91   42.91   42.91   42.91   42.91   42.91   42.91   42.53   36.28   38.02   36.65   38.14   63.64   38.31   38.64   38.64   38.64   41.57   39.23   38.22   36.94   36.57   36.02   42.07   41.51   42.70   43.02   43.02   39.85   39.85   41.76   41.92   41.54   40.77   41.15   41.15   42.69   42.15   42.15   41.44   41.44   42.53   41.00   42.70   45.56   45.56   45.56   44.02
     2: 2644137744-2643221624   37.24  100.00  100.00   46.06   55.08   46.69   52.43   49.84   48.72   49.08   47.28   55.26   55.38   55.38   58.24   52.69   44.11   44.11   46.59   49.26   47.97   55.02   54.77   45.45   52.02   52.02   52.02   51.59   50.60   51.00   51.00   49.80   50.62   52.30   52.30   52.30   52.30   51.26   52.94   52.08   50.21   51.68   52.30   51.88   51.26   51.05   51.05   47.43   41.75   48.48   53.33   56.62   56.13   54.09   52.04   52.31   53.82   53.82   56.35   55.38   54.28   53.36   53.85   52.83   47.35   56.35   58.78   58.78   55.06   56.68   54.98   54.40   50.42   50.42   50.84   47.50   51.26   51.70   55.16   47.93   49.48   51.03   48.44   48.44   52.35   55.68   53.28   46.15   49.36   55.85   55.85   57.14   57.36   53.26   59.15   59.15   57.14   57.14   60.00   57.50   57.50   58.75   58.33   58.33   58.33   52.87   54.23   55.13   52.09   53.08   55.98   59.62   62.21   57.98   57.98   59.23   59.23   57.59   57.59   57.59   57.59   57.59   57.59   57.59   57.59   57.59   56.81   57.14   58.01   55.32   57.50   68.18   55.11   55.84   55.84   55.84   57.25   55.51   56.32   57.88   53.53   54.32   56.60   57.69   57.25   58.46   58.08   59.13   59.13   58.33   60.16   60.96   59.76   60.16   60.16   60.56   61.11   61.11   60.31   58.75   60.00   59.22   56.27   58.02   58.02   58.02   59.84
     3: 2643851665-2643221567   37.24  100.00  100.00   46.06   55.08   46.69   52.43   49.84   48.72   49.08   47.28   55.26   55.38   55.38   58.24   52.69   44.11   44.11   46.59   49.26   47.97   55.02   54.77   45.45   52.02   52.02   52.02   51.59   50.60   51.00   51.00   49.80   50.62   52.30   52.30   52.30   52.30   51.26   52.94   52.08   50.21   51.68   52.30   51.88   51.26   51.05   51.05   47.43   41.75   48.48   53.33   56.62   56.13   54.09   52.04   52.31   53.82   53.82   56.35   55.38   54.28   53.36   53.85   52.83   47.35   56.35   58.78   58.78   55.06   56.68   54.98   54.40   50.42   50.42   50.84   47.50   51.26   51.70   55.16   47.93   49.48   51.03   48.44   48.44   52.35   55.68   53.28   46.15   49.36   55.85   55.85   57.14   57.36   53.26   59.15   59.15   57.14   57.14   60.00   57.50   57.50   58.75   58.33   58.33   58.33   52.87   54.23   55.13   52.09   53.08   55.98   59.62   62.21   57.98   57.98   59.23   59.23   57.59   57.59   57.59   57.59   57.59   57.59   57.59   57.59   57.59   56.81   57.14   58.01   55.32   57.50   68.18   55.11   55.84   55.84   55.84   57.25   55.51   56.32   57.88   53.53   54.32   56.60   57.69   57.25   58.46   58.08   59.13   59.13   58.33   60.16   60.96   59.76   60.16   60.16   60.56   61.11   61.11   60.31   58.75   60.00   59.22   56.27   58.02   58.02   58.02   59.84
     4: 2522492129-2522125150   38.12   46.06   46.06  100.00   62.08   61.14   51.70   48.00   48.83   54.03   54.52   67.92   67.08   67.08   68.35   66.67   36.27   34.20   42.55   47.08   44.79   46.10   45.63   43.22   50.22   50.22   50.22   49.34   49.11   47.32   47.77   48.47   53.49   52.11   52.11   52.11   52.11   52.83   55.19   51.87   54.42   52.36   53.05   53.05   52.36   55.40   53.52   48.43   41.25   48.56   59.52   56.58   60.25   62.39   46.41   53.16   60.59   60.59   57.65   58.55   57.96   56.52   59.83   58.30   49.01   61.57   65.77   65.77   62.05   58.93   55.56   55.80   60.29   60.29   60.77   50.38   60.77   53.74   50.90   45.03   57.39   62.01   48.92   48.92   68.69   58.68   54.98   50.94   52.47   65.56   65.56   64.85   64.29   54.43   44.07   44.07   45.17   45.17   48.61   48.13   48.13   48.15   48.61   48.61   48.15   43.15   43.33   45.49   47.52   48.95   46.25   47.30   48.76   49.37   49.37   49.17   48.33   48.52   48.52   48.52   48.52   48.52   48.52   48.52   48.52   48.52   49.37   40.32   42.76   44.41   43.69   63.64   45.52   45.86   45.86   45.86   47.92   44.22   42.23   41.41   44.83   42.11   50.21   51.68   50.83   50.00   50.42   47.01   47.01   46.15   45.92   46.35   46.78   47.64   45.92   48.50   49.15   49.57   49.15   48.31   50.85   49.58   47.35   51.65   51.65   51.65   53.45
     5: 2644719670-2643221731   47.06   55.08   55.08   62.08  100.00   65.25   60.09   65.27   62.71   65.00   64.85   71.63   66.98   66.98   70.05   62.95   48.68   46.49   48.43   50.68   47.03   52.61   54.19   50.21   51.85   51.85   51.85   49.54   51.15   50.69   50.69   53.92   56.94   54.63   54.63   54.63   54.63   55.88   56.86   54.37   53.14   54.41   56.10   54.15   56.37   56.10   57.07   48.13   49.78   55.93   60.89   56.31   58.18   68.08   57.06   60.87   63.08   63.08   61.74   64.15   63.76   65.90   66.51   66.05   58.65   63.26   64.29   64.29   62.26   59.43   58.41   59.81   57.84   57.84   57.84   46.83   56.86   50.00   57.85   61.18   65.65   61.50   57.08   57.08   62.45   61.50   57.27   59.39   56.28   62.67   62.67   57.14   62.04   58.44   52.29   52.29   57.01   57.01   53.50   53.50   53.50   54.00   55.50   55.50   55.00   47.42   44.55   48.61   49.54   49.05   52.13   52.61   50.70   51.90   51.90   52.13   51.66   50.48   50.48   50.48   50.48   50.48   50.48   50.48   50.48   50.48   50.95   52.53   53.00   51.83   53.67   68.18   50.93   50.47   50.47   50.47   50.23   51.14   51.15   53.27   50.70   51.17   53.64   51.16   50.69   52.09   51.63   50.96   50.96   50.00   51.21   50.24   51.69   51.21   51.21   53.14   52.15   51.67   51.89   49.53   51.89   51.42   51.64   52.73   52.73   52.73   51.89
     6: 2644721875-2643221732   40.36   46.69   46.69   61.14   65.25  100.00   56.91   50.69   52.96   59.30   58.82   70.12   69.29   69.29   69.33   66.42   40.71   38.78   47.01   49.21   45.70   48.65   46.59   45.59   49.54   49.54   49.54   48.65   49.32   48.40   48.40   52.04   54.25   52.63   52.63   52.63   52.63   52.40   54.81   52.86   53.55   54.33   52.63   54.07   52.40   54.07   54.07   50.70   46.53   51.62   64.71   59.54   58.68   62.50   48.06   53.76   59.40   59.40   57.14   58.62   58.44   56.18   59.07   57.55   55.45   60.09   66.20   66.20   64.22   60.09   58.18   57.53   60.77   60.77   60.29   51.91   60.29   54.42   55.24   54.37   59.85   63.90   58.04   58.04   68.06   63.10   56.08   57.73   56.77   65.27   65.27   62.87   63.14   56.94   45.91   45.91   46.59   46.59   48.76   48.76   48.76   49.75   49.75   49.75   49.75   47.58   43.81   46.29   50.22   49.55   46.67   49.12   50.88   50.67   50.67   49.56   49.56   48.88   48.88   48.88   48.88   48.88   48.88   48.88   48.88   48.88   49.78   44.36   47.27   48.66   48.22   68.18   45.97   47.18   47.18   47.18   50.67   48.79   49.21   48.21   48.58   47.86   53.98   55.20   52.02   52.94   53.85   48.62   48.62   49.54   50.23   50.23   50.69   51.15   50.69   51.61   52.29   51.83   52.27   51.36   54.26   52.02   50.66   53.07   53.07   53.07   54.59
     7: 2645716136-2643221960   42.74   52.43   52.43   51.70   60.09   56.91  100.00   51.58   61.92   53.12   48.48   64.84   67.73   67.73   71.43   68.13   46.91   45.93   48.35   51.33   47.92   51.43   50.56   53.17   58.33   58.33   58.33   58.98   58.10   57.71   57.71   59.85   61.63   58.85   58.85   58.85   58.85   59.09   58.68   56.97   59.59   59.50   61.32   59.26   61.16   61.73   60.49   48.99   50.82   55.81   60.00   63.57   65.62   71.84   57.35   62.36   67.47   67.47   64.13   66.80   65.50   64.98   67.21   66.67   62.58   66.01   71.95   71.95   67.74   68.95   62.75   63.39   66.81   66.81   67.65   59.38   69.33   63.64   60.37   57.18   65.02   63.10   56.31   56.31   61.44   61.75   63.74   59.08   59.69   70.24   70.24   66.80   69.05   66.33   53.31   53.31   51.23   51.23   58.65   56.54   56.54   58.65   58.65   58.65   58.65   51.37   48.43   54.47   53.70   55.51   54.55   52.36   56.64   57.37   57.37   54.72   52.36   54.18   54.18   54.18   54.18   54.18   54.18   54.18   54.18   54.18   53.39   48.84   51.38   49.32   50.87   63.64   51.42   52.84   52.84   52.84   53.97   51.93   51.04   50.35   49.12   51.53   54.12   55.20   55.56   57.20   57.60   51.42   51.42   53.85   54.47   54.47   54.47   54.88   54.07   55.28   56.28   55.87   55.02   53.82   55.60   53.20   53.88   55.81   55.81   55.81   57.20
     8: 2686363179-2684622999   35.14   49.84   49.84   48.00   65.27   50.69   51.58  100.00   51.96   48.21   47.85   66.94   65.70   65.70   67.36   62.36   40.55   40.55   41.04   45.28   41.80   47.94   46.85   46.13   50.00   50.00   50.00   49.09   49.77   50.23   49.77   51.57   53.55   52.66   52.66   52.66   52.66   52.91   53.88   52.40   53.11   53.88   53.14   54.11   51.94   54.11   53.14   51.58   42.35   45.71   52.26   56.51   57.79   58.44   39.73   47.67   54.39   54.39   46.70   52.85   52.53   50.19   53.82   51.35   46.95   64.63   62.61   62.61   64.29   62.95   58.48   54.26   57.89   57.89   58.37   48.09   58.85   51.02   54.62   45.23   56.73   56.40   44.78   44.78   57.58   61.07   60.16   46.73   48.17   62.81   62.81   60.67   61.76   55.56   46.01   46.01   46.35   46.35   48.60   48.58   48.58   49.53   49.53   49.53   49.53   42.86   42.19   48.96   47.28   52.54   49.37   47.48   51.05   50.85   50.85   48.95   49.79   48.29   48.29   48.29   48.29   48.29   48.29   48.29   48.29   48.29   48.72   43.36   44.16   43.01   44.32   63.64   45.56   45.93   45.93   45.93   51.05   46.47   47.06   48.15   46.01   45.85   50.42   50.64   50.63   51.49   50.64   47.19   47.19   47.19   48.26   49.13   49.13   49.57   49.13   50.00   48.05   48.05   49.15   47.44   50.21   51.93   51.24   51.05   51.05   51.05   52.84
     9: 2689660801-2687453675   42.93   48.72   48.72   48.83   62.71   52.96   61.92   51.96  100.00   57.38   50.14   63.22   68.25   68.25   70.85   65.29   44.61   42.51   46.57   51.64   50.18   48.30   48.94   49.49   55.73   55.73   55.73   56.42   55.91   55.51   55.51   57.31   60.16   56.97   56.97   56.97   56.97   58.02   58.44   59.18   61.38   60.91   59.43   57.79   59.26   59.84   59.02   51.22   48.15   54.03   55.14   61.26   63.50   71.86   57.63   61.49   66.17   66.17   66.00   67.80   63.64   62.99   66.42   64.00   57.43   69.17   74.09   74.09   70.28   66.27   64.84   62.35   66.39   66.39   66.80   58.90   66.39   60.34   58.66   54.67   61.31   63.91   56.65   56.65   63.14   63.27   62.41   54.55   55.10   65.68   65.68   65.43   67.91   59.06   51.70   51.70   51.37   51.37   56.67   56.49   56.49   57.08   57.08   57.08   57.08   52.73   48.03   56.20   55.47   55.56   54.33   53.54   55.04   55.34   55.34   56.30   53.54   55.34   55.34   55.34   55.34   55.34   55.34   55.34   55.34   55.34   54.94   47.10   50.17   51.16   52.05   59.09   51.90   52.25   52.25   52.25   52.14   51.02   52.54   51.35   48.62   50.33   55.38   54.12   55.64   55.29   55.69   50.60   50.60   53.39   53.60   54.40   54.00   54.00   54.40   58.00   54.98   54.98   55.51   54.33   56.92   56.92   55.43   56.87   56.87   56.87   57.14
    10: 2522494984-2522125150   41.76   49.08   49.08   54.03   65.00   59.30   53.12   48.21   57.38  100.00   56.96   68.18   74.45   74.45   71.59   67.33   43.28   42.39   45.55   51.76   48.60   50.68   51.76   47.92   54.58   54.58   54.58   52.55   53.17   52.78   52.78   53.10   58.20   53.11   53.11   53.11   53.11   53.75   54.17   54.55   55.14   54.17   55.19   54.36   55.00   57.26   56.85   52.19   47.87   52.10   58.58   62.75   63.14   65.20   54.40   57.74   62.83   62.83   60.56   62.09   59.03   58.64   62.01   60.21   53.02   67.97   69.88   69.88   69.32   64.94   60.24   58.89   64.58   64.58   64.17   60.49   64.17   62.92   59.51   53.12   62.83   64.13   54.79   54.79   65.34   64.95   59.57   55.43   56.86   68.38   68.38   65.80   69.78   59.12   49.32   49.32   50.68   50.68   52.28   53.11   53.11   53.53   53.94   53.94   53.53   48.86   47.53   50.56   52.45   52.67   52.47   52.27   51.32   52.69   52.69   52.85   50.57   51.92   51.92   51.92   51.92   51.92   51.92   51.92   51.92   51.92   51.92   44.69   50.84   51.32   49.83   63.64   50.17   50.51   50.51   50.51   52.09   51.34   49.83   50.50   50.51   51.32   55.64   55.94   54.37   55.56   54.41   50.58   50.58   50.58   51.17   51.17   52.34   52.34   51.56   53.52   53.70   53.70   53.46   53.08   55.00   53.85   52.99   52.99   52.99   52.99   53.88
    11: 2522443241-2522125133   39.01   47.28   47.28   54.52   64.85   58.82   48.48   47.85   50.14   56.96  100.00   71.49   67.36   67.36   69.46   64.21   41.54   38.77   43.28   49.21   44.49   46.56   45.63   46.24   49.77   49.77   49.77   48.44   48.65   48.65   48.65   51.32   52.80   50.94   50.94   50.94   50.94   52.13   53.08   52.58   52.34   53.55   50.00   52.83   49.76   53.77   51.89   52.09   42.86   48.04   57.61   57.35   60.74   61.09   48.61   53.62   59.49   59.49   56.42   58.44   58.27   57.47   60.82   56.47   52.88   66.36   66.67   66.67   63.26   61.40   57.59   56.05   58.85   58.85   58.37   48.85   58.85   52.38   56.69   46.88   58.97   60.07   49.58   49.58   62.88   61.60   55.34   50.00   49.26   67.08   67.08   62.87   66.10   56.31   46.07   46.07   47.17   47.17   51.20   50.24   50.24   50.72   50.72   50.72   50.72   45.81   43.36   46.52   48.25   51.11   49.12   50.22   50.00   49.33   49.33   48.67   50.00   48.43   48.43   48.43   48.43   48.43   48.43   48.43   48.43   48.43   48.88   43.66   44.78   43.32   44.15   68.18   46.01   46.77   46.77   46.77   48.67   45.15   46.47   44.44   44.49   45.49   54.15   53.12   52.65   53.57   52.68   48.18   48.18   48.64   48.86   49.77   49.77   49.77   48.86   50.68   50.91   50.91   52.02   48.88   51.12   50.22   50.22   51.52   51.52   51.52   52.94
    12: 2645352243-2643221877   53.02   55.26   55.26   67.92   71.63   70.12   64.84   66.94   63.22   68.18   71.49  100.00   84.30   84.30   69.66   69.42   50.63   47.26   51.21   51.98   47.58   51.77   51.57   50.00   53.92   53.92   53.92   51.71   52.20   53.17   52.68   57.07   57.64   53.00   53.00   53.00   53.00   53.27   54.27   54.95   53.69   57.00   55.00   57.00   56.00   58.00   59.00   50.97   53.39   61.92   63.60   64.10   60.26   62.72   54.49   58.82   60.87   60.87   58.08   60.61   60.94   60.50   59.15   59.07   64.44   65.85   67.82   67.82   68.81   65.84   60.00   58.74   58.74   58.74   58.25   48.44   58.74   52.78   59.91   63.29   65.82   65.68   64.71   64.71   66.81   70.00   64.73   62.98   62.13   69.40   69.40   65.07   67.98   66.38   59.22   59.22   59.61   59.61   52.04   52.04   52.04   53.57   53.57   53.57   53.57   50.25   49.75   55.67   52.71   56.78   55.78   57.29   55.94   56.57   56.57   57.29   55.28   54.04   54.04   54.04   54.04   54.04   54.04   54.04   54.04   54.04   54.04   54.37   57.43   57.92   57.43   63.64   52.24   53.73   53.73   53.73   56.44   58.62   56.72   57.21   54.50   57.00   54.90   56.72   57.71   58.21   57.71   54.50   54.50   55.00   55.00   56.00   57.00   57.50   56.50   57.00   57.00   57.00   60.00   57.00   57.50   55.50   58.21   58.33   58.33   58.33   59.70
    13: 2643511360-2643221489   54.55   55.38   55.38   67.08   66.98   69.29   67.73   65.70   68.25   74.45   67.36   84.30  100.00  100.00   72.93   73.36   53.53   51.67   52.72   53.67   50.19   55.43   52.55   53.41   56.36   56.36   56.36   54.01   53.59   53.16   53.16   59.49   59.57   57.33   57.33   57.33   57.33   57.58   57.58   57.26   57.87   59.05   60.78   59.05   59.05   62.07   61.64   52.52   55.22   65.68   65.68   67.67   62.41   68.08   61.43   63.70   65.27   65.27   63.82   66.16   64.91   63.33   65.54   64.31   67.53   70.04   70.51   70.51   72.22   68.80   62.03   59.66   61.76   61.76   61.76   55.62   62.18   58.52   62.25   67.29   68.03   68.28   68.89   68.89   71.16   71.83   66.41   66.29   67.04   69.32   69.32   67.82   70.77   68.94   62.18   62.18   61.28   61.28   55.26   56.58   56.58   57.46   57.46   57.46   57.46   51.50   53.25   57.87   55.32   57.58   58.01   58.01   58.97   57.83   57.83   58.44   57.14   56.09   56.09   56.09   56.09   56.09   56.09   56.09   56.09   56.09   56.09   55.04   59.83   60.26   58.97   63.64   57.51   58.37   58.37   58.37   58.97   59.57   58.37   57.94   55.60   56.90   55.93   57.08   57.08   57.94   57.94   56.90   56.90   56.47   56.03   56.90   57.33   57.76   56.47   59.05   59.91   59.91   60.34   58.19   59.48   58.62   57.08   59.75   59.75   59.75   59.66
    14: 2643504790-2643221488   54.55   55.38   55.38   67.08   66.98   69.29   67.73   65.70   68.25   74.45   67.36   84.30  100.00  100.00   72.93   73.36   53.53   51.67   52.72   53.67   50.19   55.43   52.55   53.41   56.36   56.36   56.36   54.01   53.59   53.16   53.16   59.49   59.57   57.33   57.33   57.33   57.33   57.58   57.58   57.26   57.87   59.05   60.78   59.05   59.05   62.07   61.64   52.52   55.22   65.68   65.68   67.67   62.41   68.08   61.43   63.70   65.27   65.27   63.82   66.16   64.91   63.33   65.54   64.31   67.53   70.04   70.51   70.51   72.22   68.80   62.03   59.66   61.76   61.76   61.76   55.62   62.18   58.52   62.25   67.29   68.03   68.28   68.89   68.89   71.16   71.83   66.41   66.29   67.04   69.32   69.32   67.82   70.77   68.94   62.18   62.18   61.28   61.28   55.26   56.58   56.58   57.46   57.46   57.46   57.46   51.50   53.25   57.87   55.32   57.58   58.01   58.01   58.97   57.83   57.83   58.44   57.14   56.09   56.09   56.09   56.09   56.09   56.09   56.09   56.09   56.09   56.09   55.04   59.83   60.26   58.97   63.64   57.51   58.37   58.37   58.37   58.97   59.57   58.37   57.94   55.60   56.90   55.93   57.08   57.08   57.94   57.94   56.90   56.90   56.47   56.03   56.90   57.33   57.76   56.47   59.05   59.91   59.91   60.34   58.19   59.48   58.62   57.08   59.75   59.75   59.75   59.66
    15: 2522272476-2522125078   54.72   58.24   58.24   68.35   70.05   69.33   71.43   67.36   70.85   71.59   69.46   69.66   72.93   72.93  100.00   73.43   55.47   53.21   53.33   54.09   52.14   55.81   52.73   53.21   57.81   57.81   57.81   57.74   57.98   57.98   57.98   63.18   62.66   63.04   63.04   63.04   63.04   60.70   63.32   60.78   61.37   62.17   61.74   61.74   62.61   63.91   63.04   54.66   56.60   67.54   68.28   68.80   64.79   70.93   59.22   62.41   66.29   66.29   64.14   65.52   63.64   62.78   65.27   63.64   69.40   73.22   71.97   71.97   70.71   69.46   67.80   65.82   65.82   65.82   65.82   61.01   66.24   63.43   63.75   68.28   68.40   69.40   68.66   68.66   71.64   68.65   65.12   64.55   66.04   66.42   66.42   64.91   67.80   71.32   63.64   63.64   60.67   60.67   57.46   57.02   57.02   57.46   57.46   57.46   57.46   56.72   52.97   57.56   60.92   60.85   60.17   58.90   61.76   60.85   60.85   61.44   60.17   61.28   61.28   61.28   61.28   61.28   61.28   61.28   61.28   61.28   60.43   55.79   60.25   61.09   62.34   68.18   57.14   58.40   58.40   58.40   58.82   63.60   61.76   61.76   60.34   61.18   58.40   58.40   60.50   60.92   60.50   57.69   57.69   58.55   59.40   59.40   58.12   59.40   58.12   62.39   60.00   60.43   60.34   58.23   61.18   59.92   60.08   61.92   61.92   61.92   60.50
    16: 2645669433-2643221951   52.69   52.69   52.69   66.67   62.95   66.42   68.13   62.36   65.29   67.33   64.21   69.42   73.36   73.36   73.43  100.00   51.62   49.46   48.82   48.55   47.83   52.40   52.65   50.90   56.38   56.38   56.38   53.04   54.10   53.28   53.28   56.50   58.23   55.98   55.98   55.98   55.98   56.65   57.08   54.04   56.36   56.65   58.55   56.41   57.26   58.55   57.26   52.48   56.16   63.18   65.75   66.79   60.58   66.91   54.78   58.62   62.83   62.83   59.02   62.08   60.36   58.19   62.87   58.72   68.90   66.67   71.90   71.90   68.03   66.39   61.48   60.91   63.33   63.33   62.08   55.56   63.33   59.55   63.32   62.16   66.43   67.47   65.66   65.66   70.00   70.08   62.36   61.51   62.20   69.85   69.85   68.77   69.78   67.51   57.87   57.87   56.57   56.57   54.82   54.39   54.39   55.70   55.26   55.26   55.70   53.06   51.64   55.87   57.49   57.79   55.56   55.74   58.13   59.75   59.75   57.38   57.38   58.92   58.92   58.92   58.92   58.92   58.92   58.92   58.92   58.92   59.34   51.57   56.63   56.80   57.20   68.18   52.44   54.07   54.07   54.07   57.79   58.80   58.63   58.13   58.37   60.66   57.09   58.85   59.02   60.33   60.74   54.89   54.89   57.45   58.30   58.72   58.30   58.72   58.72   59.15   59.75   59.75   60.67   58.16   59.34   58.92   58.13   59.27   59.27   59.27   61.83
    17: 2686385385-2684623002   39.27   44.11   44.11   36.27   48.68   40.71   46.91   40.55   44.61   43.28   41.54   50.63   53.53   53.53   55.47   51.62  100.00   63.11   39.34   43.91   42.07   39.10   40.19   38.95   48.79   48.79   48.79   48.59   46.59   47.39   47.39   51.00   50.00   49.17   49.17   49.17   49.17   48.13   48.55   46.91   48.77   49.38   51.65   49.59   51.45   49.59   48.35   46.37   39.43   36.23   42.74   45.82   51.85   55.38   42.98   47.80   53.76   53.76   50.50   53.38   52.19   51.45   52.79   52.94   37.93   54.58   57.96   57.96   53.63   54.44   49.61   51.76   51.02   51.02   50.61   44.31   51.02   47.54   45.28   36.29   48.44   47.84   42.19   42.19   49.69   48.11   48.71   41.36   45.11   54.48   54.48   54.89   56.60   46.53   41.81   41.81   41.47   41.47   45.83   45.80   45.80   47.08   47.08   47.08   47.08   44.62   43.37   44.92   44.71   47.39   46.59   44.98   48.22   47.58   47.58   47.79   46.59   49.19   49.19   49.19   49.19   49.19   49.19   49.19   49.19   49.19   48.79   38.32   40.53   39.74   40.98   63.64   39.80   40.13   40.13   40.13   48.41   43.75   43.51   43.09   42.47   40.45   46.67   48.19   48.21   48.59   48.19   44.22   44.22   46.61   46.80   46.80   46.80   47.20   46.80   48.80   51.20   50.80   48.39   48.79   47.37   47.37   49.21   49.21   49.21   49.21   51.02
    18: 2595314693-2593339197   36.39   44.11   44.11   34.20   46.49   38.78   45.93   40.55   42.51   42.39   38.77   47.26   51.67   51.67   53.21   49.46   63.11  100.00   38.44   42.44   41.70   40.42   38.73   38.95   46.37   46.37   46.37   46.99   44.58   44.98   44.98   48.19   49.59   49.17   49.17   49.17   49.17   48.55   48.96   46.50   48.77   48.96   50.83   49.17   49.38   48.76   47.52   46.37   38.66   34.96   41.80   46.75   50.37   51.92   42.98   47.46   53.76   53.76   50.50   53.01   52.19   52.17   52.04   52.57   36.55   51.79   55.51   55.51   52.82   52.82   51.57   52.94   49.39   49.39   49.39   42.51   48.57   45.36   42.02   34.36   45.94   44.44   37.30   37.30   46.60   46.23   44.19   38.74   40.49   51.12   51.12   53.01   52.45   45.02   40.13   40.13   40.47   40.47   45.83   43.70   43.70   44.58   45.00   45.00   44.58   41.43   42.97   43.75   42.35   45.78   44.98   44.58   46.64   43.95   43.95   45.78   45.38   45.97   45.97   45.97   45.97   45.97   45.97   45.97   45.97   45.97   45.97   38.94   40.86   38.78   41.97   63.64   39.14   39.47   39.47   39.47   45.24   39.80   40.58   40.46   40.75   38.19   43.92   44.58   44.62   45.38   44.98   44.62   44.62   46.61   47.20   47.60   47.60   47.60   47.60   49.60   50.80   50.40   47.18   47.18   47.37   47.37   46.03   46.46   46.46   46.46   47.76
    19: 2690683686-2690315677   38.76   46.59   46.59   42.55   48.43   47.01   48.35   41.04   46.57   45.55   43.28   51.21   52.72   52.72   53.33   48.82   39.34   38.44  100.00   44.44   41.67   41.58   39.86   46.57   48.41   48.41   48.41   46.09   48.22   48.62   48.22   45.49   50.61   53.91   53.91   53.91   53.91   52.89   54.13   51.23   51.02   51.65   51.85   52.67   52.07   53.50   53.09   45.02   42.77   38.96   48.42   49.41   47.95   50.00   43.27   47.76   51.67   51.67   45.70   50.20   48.64   48.63   50.20   50.40   42.59   47.01   52.05   52.05   46.56   46.96   47.10   46.90   47.90   47.90   48.32   41.88   47.48   44.32   42.36   38.85   46.58   44.95   41.37   41.37   49.00   45.39   44.37   41.67   39.82   52.48   52.48   52.50   50.63   46.45   40.71   40.71   42.09   42.09   48.09   45.34   45.34   45.34   44.92   44.92   44.92   44.36   42.35   40.54   42.80   41.90   42.35   44.14   45.77   44.71   44.71   43.14   45.10   43.92   43.92   43.92   43.92   43.92   43.92   43.92   43.92   43.92   43.92   39.24   39.72   38.83   39.66   63.64   41.40   41.40   41.40   41.40   42.21   40.00   40.48   41.05   39.44   38.54   40.98   41.54   41.60   42.69   42.69   42.86   42.86   43.25   43.03   43.43   42.63   43.43   43.03   45.02   44.05   43.65   43.97   44.36   43.31   42.52   41.47   43.63   43.63   43.63   44.58
    20: 2645558786-2643221927   46.13   49.26   49.26   47.08   50.68   49.21   51.33   45.28   51.64   51.76   49.21   51.98   53.67   53.67   54.09   48.55   43.91   42.44   44.44  100.00   76.45   50.38   50.19   45.96   46.80   46.80   46.80   47.24   46.22   46.22   45.82   47.22   48.56   48.54   48.54   48.54   48.54   49.16   48.74   46.25   46.06   47.06   48.95   46.03   49.16   48.95   49.37   42.62   51.13   51.03   53.00   54.34   53.61   50.40   50.93   51.82   53.36   53.36   54.79   54.76   52.69   51.32   51.56   51.72   52.40   52.19   52.26   52.26   50.41   51.63   52.00   51.21   45.49   45.49   45.90   42.77   45.49   43.96   49.45   52.92   47.65   51.05   53.08   53.08   52.11   49.61   47.83   51.75   51.39   53.28   53.28   53.91   52.55   53.90   52.61   52.61   53.01   53.01   50.87   52.17   52.17   52.17   52.17   52.17   52.17   44.76   44.94   46.99   46.18   47.15   46.34   50.20   50.00   50.20   50.20   51.42   49.39   50.61   50.61   50.61   50.61   50.61   50.61   50.61   50.61   50.61   50.20   47.58   48.81   48.62   50.20   54.55   48.59   49.00   49.00   49.00   49.80   50.00   50.79   51.00   47.98   48.99   49.21   50.41   50.00   50.41   50.41   51.68   51.68   53.78   54.01   54.01   53.59   54.01   53.59   54.43   52.72   52.30   52.46   52.05   52.85   51.22   48.19   51.79   51.79   51.79   50.62
    21: 2645541214-2643221923   43.91   47.97   47.97   44.79   47.03   45.70   47.92   41.80   50.18   48.60   44.49   47.58   50.19   50.19   52.14   47.83   42.07   41.70   41.67   76.45  100.00   49.62   48.30   46.32   46.40   46.40   46.40   46.46   45.02   45.02   45.02   44.44   48.15   48.54   48.54   48.54   48.54   50.42   49.58   46.25   46.47   46.64   49.37   47.70   50.42   49.37   50.63   42.62   50.00   49.66   51.58   55.85   53.23   49.60   48.13   49.27   51.38   51.38   53.19   54.37   50.77   49.81   51.56   50.57   48.30   49.40   51.85   51.85   50.41   49.59   49.20   49.19   45.90   45.90   45.90   43.98   45.90   45.05   47.60   48.81   46.93   48.61   51.70   51.70   50.00   52.34   49.64   50.69   50.34   53.67   53.67   53.91   52.94   51.67   49.80   49.80   52.21   52.21   49.57   51.30   51.30   51.30   51.30   51.30   51.30   42.74   44.53   43.78   44.98   46.34   46.34   47.37   49.60   49.39   49.39   50.20   46.96   49.39   49.39   49.39   49.39   49.39   49.39   49.39   49.39   49.39   48.98   46.37   46.83   46.64   47.43   54.55   46.99   47.39   47.39   47.39   47.79   50.00   49.60   50.20   47.98   48.18   48.41   49.19   47.98   48.78   49.19   50.42   50.42   52.10   51.90   51.90   51.05   51.48   51.48   51.90   50.63   50.21   49.18   49.18   50.41   50.00   46.59   49.40   49.40   49.40   48.56
    22: 2645580964-2643221932   41.47   55.02   55.02   46.10   52.61   48.65   51.43   47.94   48.30   50.68   46.56   51.77   55.43   55.43   55.81   52.40   39.10   40.42   41.58   50.38   49.62  100.00   66.76   43.83   49.80   49.80   49.80   50.19   52.36   51.57   51.57   49.23   52.85   53.31   53.31   53.31   53.31   52.70   54.77   49.79   50.41   50.21   54.13   51.24   52.70   51.65   53.72   41.86   42.72   44.09   52.63   53.74   55.85   60.56   50.91   53.57   56.03   56.03   52.85   57.81   55.43   55.85   57.42   56.92   47.14   55.24   59.50   59.50   53.47   55.51   54.79   54.05   48.39   48.39   49.19   44.12   49.60   46.77   49.67   47.80   48.06   48.87   44.48   44.48   52.38   51.28   49.32   46.77   45.05   55.34   55.34   57.25   53.26   52.49   60.28   60.28   65.05   65.05   62.70   59.59   59.59   60.41   60.41   60.41   60.41   52.90   52.53   58.62   55.94   57.81   56.42   56.98   57.85   56.25   56.25   57.20   57.59   58.20   58.20   58.20   58.20   58.20   58.20   58.20   58.20   58.20   58.20   58.31   59.17   57.73   57.44   63.64   55.28   55.99   55.99   55.99   59.00   55.87   55.94   56.18   56.63   55.63   59.70   61.48   59.46   59.92   59.53   57.94   57.94   59.52   60.16   60.16   60.16   60.16   60.16   60.56   60.47   60.08   62.11   61.72   63.42   61.09   59.46   60.53   60.53   60.53   60.47
    23: 2645571092-2643221930   39.93   54.77   54.77   45.63   54.19   46.59   50.56   46.85   48.94   51.76   45.63   51.57   52.55   52.55   52.73   52.65   40.19   38.73   39.86   50.19   48.30   66.76  100.00   43.79   48.00   48.00   48.00   49.21   50.20   49.40   49.40   49.61   51.43   51.87   51.87   51.87   51.87   50.42   52.50   50.41   49.79   50.83   51.87   50.21   51.25   50.62   50.21   41.63   42.72   43.97   51.16   53.00   55.17   56.80   49.53   52.57   53.75   53.75   51.32   55.16   54.62   54.65   53.97   53.33   46.42   52.82   56.20   56.20   49.39   53.47   50.97   50.58   47.18   47.18   48.39   43.53   47.98   44.62   48.17   45.63   48.68   48.83   45.06   45.06   48.94   49.66   47.10   45.69   45.14   54.09   54.09   54.09   54.69   49.32   58.24   58.24   62.68   62.68   58.20   58.20   58.20   58.61   59.02   59.02   59.43   53.31   50.98   56.37   52.90   53.94   55.29   57.42   56.76   54.72   54.72   54.51   59.22   57.48   57.48   57.48   57.48   57.48   57.48   57.48   57.48   57.48   57.09   59.86   58.01   56.03   58.01   63.64   56.73   55.64   55.64   55.64   56.70   52.92   53.07   53.28   54.07   54.55   57.41   57.59   56.76   58.75   57.98   55.60   55.60   57.60   59.04   57.83   58.23   57.43   57.43   57.83   58.57   58.17   58.20   57.81   58.98   56.64   55.64   57.20   57.20   57.20   56.25
    24: 2644945318-2643221785   40.00   45.45   45.45   43.22   50.21   45.59   53.17   46.13   49.49   47.92   46.24   50.00   53.41   53.41   53.21   50.90   38.95   38.95   46.57   45.96   46.32   43.83   43.79  100.00   50.20   50.20   50.20   51.18   50.00   49.60   49.60   52.57   53.09   53.97   53.97   53.97   53.97   54.62   55.04   54.17   51.87   52.52   53.56   53.56   54.62   53.97   53.97   45.78   42.90   46.74   47.24   50.50   50.73   52.90   43.35   47.44   51.13   51.13   50.00   52.45   49.09   49.82   52.27   51.12   45.53   54.98   56.73   56.73   52.02   52.82   50.20   51.18   51.65   51.65   53.31   45.73   52.89   48.89   46.46   46.88   44.48   46.77   45.64   45.64   48.90   47.25   47.00   45.99   46.55   54.07   54.07   54.24   53.70   51.49   46.67   46.67   49.25   49.25   50.21   50.63   50.63   50.63   50.63   50.63   50.63   46.25   45.02   46.48   44.53   47.20   48.61   49.00   49.41   50.00   50.00   48.61   47.81   47.60   47.60   47.60   47.60   47.60   47.60   47.60   47.60   47.60   46.40   46.15   48.31   49.07   48.88   54.55   47.35   47.73   47.73   47.73   45.28   46.64   48.50   48.11   45.25   47.17   45.91   46.61   45.45   47.01   46.61   47.58   47.58   48.39   48.58   49.39   48.58   48.99   48.18   47.77   48.19   48.19   48.40   47.60   48.02   46.43   46.46   46.74   46.74   46.74   47.83
    25: 2639158032-2636416071   47.24   52.02   52.02   50.22   51.85   49.54   58.33   50.00   55.73   54.58   49.77   53.92   56.36   56.36   57.81   56.38   48.79   46.37   48.41   46.80   46.40   49.80   48.00   50.20  100.00  100.00  100.00   74.63   74.63   74.25   73.88   58.33   61.72   55.91   55.91   55.91   55.91   57.31   58.89   54.90   55.47   54.94   57.87   56.30   54.55   55.12   56.30   48.97   51.38   55.00   58.57   56.22   57.68   61.28   52.66   54.03   57.26   57.26   57.56   56.84   56.07   55.70   55.79   55.93   53.58   52.63   60.17   60.17   55.74   57.79   58.40   59.20   58.40   58.40   58.82   54.38   59.24   57.39   51.92   53.36   56.40   57.71   56.70   56.70   57.20   55.56   55.12   55.21   54.62   60.50   60.50   62.45   59.07   56.25   54.73   54.73   55.14   55.14   56.52   52.61   52.61   53.48   53.04   53.04   53.48   49.38   48.12   50.21   51.44   51.68   52.72   51.46   52.67   53.97   53.97   54.39   52.72   53.56   53.56   53.56   53.56   53.56   53.56   53.56   53.56   53.56   52.72   50.61   53.85   52.21   51.84   63.64   50.62   51.03   51.03   51.03   51.02   53.20   53.44   53.04   50.81   50.20   51.61   51.24   51.64   52.89   51.65   50.42   50.42   52.10   53.16   54.43   51.90   52.74   52.74   54.43   51.88   51.88   52.70   53.11   51.87   51.04   52.70   53.44   53.44   53.44   53.75
    26: 2643604051-2643221506   47.24   52.02   52.02   50.22   51.85   49.54   58.33   50.00   55.73   54.58   49.77   53.92   56.36   56.36   57.81   56.38   48.79   46.37   48.41   46.80   46.40   49.80   48.00   50.20  100.00  100.00  100.00   74.63   74.63   74.25   73.88   58.33   61.72   55.91   55.91   55.91   55.91   57.31   58.89   54.90   55.47   54.94   57.87   56.30   54.55   55.12   56.30   48.97   51.38   55.00   58.57   56.22   57.68   61.28   52.66   54.03   57.26   57.26   57.56   56.84   56.07   55.70   55.79   55.93   53.58   52.63   60.17   60.17   55.74   57.79   58.40   59.20   58.40   58.40   58.82   54.38   59.24   57.39   51.92   53.36   56.40   57.71   56.70   56.70   57.20   55.56   55.12   55.21   54.62   60.50   60.50   62.45   59.07   56.25   54.73   54.73   55.14   55.14   56.52   52.61   52.61   53.48   53.04   53.04   53.48   49.38   48.12   50.21   51.44   51.68   52.72   51.46   52.67   53.97   53.97   54.39   52.72   53.56   53.56   53.56   53.56   53.56   53.56   53.56   53.56   53.56   52.72   50.61   53.85   52.21   51.84   63.64   50.62   51.03   51.03   51.03   51.02   53.20   53.44   53.04   50.81   50.20   51.61   51.24   51.64   52.89   51.65   50.42   50.42   52.10   53.16   54.43   51.90   52.74   52.74   54.43   51.88   51.88   52.70   53.11   51.87   51.04   52.70   53.44   53.44   53.44   53.75
    27: 2563441905-2563366516   47.24   52.02   52.02   50.22   51.85   49.54   58.33   50.00   55.73   54.58   49.77   53.92   56.36   56.36   57.81   56.38   48.79   46.37   48.41   46.80   46.40   49.80   48.00   50.20  100.00  100.00  100.00   74.63   74.63   74.25   73.88   58.33   61.72   55.91   55.91   55.91   55.91   57.31   58.89   54.90   55.47   54.94   57.87   56.30   54.55   55.12   56.30   48.97   51.38   55.00   58.57   56.22   57.68   61.28   52.66   54.03   57.26   57.26   57.56   56.84   56.07   55.70   55.79   55.93   53.58   52.63   60.17   60.17   55.74   57.79   58.40   59.20   58.40   58.40   58.82   54.38   59.24   57.39   51.92   53.36   56.40   57.71   56.70   56.70   57.20   55.56   55.12   55.21   54.62   60.50   60.50   62.45   59.07   56.25   54.73   54.73   55.14   55.14   56.52   52.61   52.61   53.48   53.04   53.04   53.48   49.38   48.12   50.21   51.44   51.68   52.72   51.46   52.67   53.97   53.97   54.39   52.72   53.56   53.56   53.56   53.56   53.56   53.56   53.56   53.56   53.56   52.72   50.61   53.85   52.21   51.84   63.64   50.62   51.03   51.03   51.03   51.02   53.20   53.44   53.04   50.81   50.20   51.61   51.24   51.64   52.89   51.65   50.42   50.42   52.10   53.16   54.43   51.90   52.74   52.74   54.43   51.88   51.88   52.70   53.11   51.87   51.04   52.70   53.44   53.44   53.44   53.75
    28: 2644568942-2643221702   47.67   51.59   51.59   49.34   49.54   48.65   58.98   49.09   56.42   52.55   48.44   51.71   54.01   54.01   57.74   53.04   48.59   46.99   46.09   47.24   46.46   50.19   49.21   51.18   74.63   74.63   74.63  100.00   84.01   83.27   83.64   55.22   59.53   55.29   55.29   55.29   55.29   55.51   56.30   56.25   55.64   55.91   59.22   56.47   57.87   54.51   56.86   48.77   52.36   54.17   54.12   55.20   57.96   58.90   51.04   52.78   57.63   57.63   56.40   55.32   53.91   54.77   54.70   54.20   52.04   52.59   57.14   57.14   54.84   56.05   57.31   59.76   57.74   57.74   58.58   54.04   58.16   55.93   49.62   54.04   53.54   56.03   53.96   53.96   55.91   53.73   53.10   51.71   53.03   57.08   57.08   60.42   56.49   55.21   55.28   55.28   54.88   54.88   60.87   58.26   58.26   58.70   58.70   58.70   58.70   53.28   50.83   53.66   52.03   53.11   54.55   52.07   55.06   56.61   56.61   56.61   54.96   54.96   54.96   54.96   54.96   54.96   54.96   54.96   54.96   54.96   53.72   50.40   55.38   54.15   53.82   63.64   50.81   51.22   51.22   51.22   55.02   53.54   55.20   54.40   50.60   51.20   53.17   52.85   53.23   54.88   55.28   52.94   52.94   54.62   57.38   57.38   56.12   55.70   57.38   57.81   54.81   54.81   56.56   55.33   54.51   53.28   54.10   54.58   54.58   54.58   53.91
    29: 2616341377-2615840634   46.27   50.60   50.60   49.11   51.15   49.32   58.10   49.77   55.91   53.17   48.65   52.20   53.59   53.59   57.98   54.10   46.59   44.58   48.22   46.22   45.02   52.36   50.20   50.00   74.63   74.63   74.63   84.01  100.00   97.03   97.40   55.47   58.75   55.69   55.69   55.69   55.69   53.94   55.12   57.03   55.64   55.12   55.29   57.25   56.30   54.51   56.08   47.13   51.57   53.64   53.97   54.40   56.61   58.47   49.74   51.81   56.60   56.60   56.98   54.47   54.17   55.04   55.13   54.85   52.63   51.61   59.09   59.09   55.92   57.14   56.97   58.96   55.65   55.65   56.07   50.93   56.07   53.67   51.72   53.90   55.78   55.91   53.05   53.05   54.58   53.36   53.33   51.15   52.49   57.14   57.14   60.50   57.38   55.25   56.38   56.38   57.61   57.61   59.57   57.83   57.83   57.83   58.26   58.26   57.83   51.45   51.46   54.10   53.69   53.78   54.39   53.56   55.33   57.74   57.74   56.49   55.65   55.23   55.23   55.23   55.23   55.23   55.23   55.23   55.23   55.23   54.39   52.24   53.63   52.80   52.44   63.64   50.21   51.03   51.03   51.03   52.44   54.18   55.47   54.66   51.63   52.63   53.41   52.67   53.47   54.32   54.73   53.78   53.78   54.20   56.12   57.38   55.70   55.70   56.12   59.07   55.65   55.65   56.02   55.60   55.60   54.36   54.77   55.65   55.65   55.65   55.00
